111111 
222222
333333111111 
222222
333333111111 
222222
333333111111 
222222
333333111111 
222222
333333111111 
222222
333333111111 
222222
333333111111 
222222
333333111111 
222222
333333111111 
222222
333333111111 
222222
333333111111 
222222
333333111111 
222222
333333111111 
222222
333333111111 
222222
333333111111 
222222
333333111111 
222222
333333111111 
222222
333333111111 
222222
333333111111 
222222
333333111111 
222222
333333111111 
222222
333333111111 
222222
333333111111 
222222
333333111111 
222222
333333111111 
222222
333333111111 
222222
333333111111 
222222
333333111111 
222222
333333111111 
222222
333333111111 
222222
333333111111 
222222
333333111111 
222222
333333111111 
222222
333333111111 
222222
333333111111 
222222
333333111111 
222222
333333111111 
222222
333333111111 
222222
333333111111 
222222
333333111111 
222222
333333111111 
222222
333333111111 
222222
333333111111 
222222
333333111111 
222222
333333111111 
222222
333333111111 
222222
333333111111 
222222
333333111111 
222222
333333111111 
222222
333333111111 
222222
333333111111 
222222
333333111111 
222222
333333111111 
222222
333333111111 
222222
333333111111 
222222
333333111111 
222222
333333111111 
222222
333333111111 
222222
333333111111 
222222
333333111111 
222222
333333111111 
222222
333333111111 
222222
333333111111 
222222
333333111111 
222222
333333111111 
222222
333333111111 
222222
333333111111 
222222
333333111111 
222222
333333111111 
222222
333333111111 
222222
333333111111 
222222
333333111111 
222222
333333111111 
222222
333333111111 
222222
333333111111 
222222
333333111111 
222222
333333111111 
222222
333333111111 
222222
333333111111 
222222
333333111111 
222222
333333111111 
222222
333333111111 
222222
333333111111 
222222
333333111111 
222222
333333111111 
222222
333333111111 
222222
333333111111 
222222
333333111111 
222222
333333111111 
222222
333333111111 
222222
333333111111 
222222
333333111111 
222222
333333111111 
222222
333333111111 
222222
333333111111 
222222
333333111111 
222222
333333111111 
222222
333333111111 
222222
333333111111 
222222
333333111111 
222222
333333111111 
222222
333333111111 
222222
333333111111 
222222
333333111111 
222222
333333111111 
222222
333333111111 
222222
333333111111 
222222
333333111111 
222222
333333111111 
222222
333333111111 
222222
333333
